13 6 0 20 28 
14 7 1 21 29 
15 8 2 22 30 
16 9 3 23 31 
17 10 4 24 32 
20 12 5 28 36 
21 13 6 29 37 
22 14 7 30 38 
23 15 8 31 39 
24 16 9 32 40 
25 17 10 33 41 
28 19 11 36 43 
29 20 12 37 44 
30 21 13 38 45 
31 22 14 39 46 
32 23 15 40 47 
33 24 16 41 48 
34 25 17 42 49 
37 28 19 44 50 
38 29 20 45 51 
39 30 21 46 52 
40 31 22 47 53 
41 32 23 48 54 
42 33 24 49 55 
45 37 28 51 56 
46 38 29 52 57 
47 39 30 53 58 
48 40 31 54 59 
49 41 32 55 60 
13 14 15 6 0 
14 15 16 7 1 
15 16 17 8 2 
20 21 22 12 5 
21 22 23 13 6 
22 23 24 14 7 
23 24 25 15 8 
28 29 30 19 11 
29 30 31 20 12 
30 31 32 21 13 
31 32 33 22 14 
32 33 34 23 15 
36 37 38 27 18 
37 38 39 28 19 
38 39 40 29 20 
39 40 41 30 21 
40 41 42 31 22 
43 44 45 35 26 
44 45 46 36 27 
45 46 47 37 28 
46 47 48 38 29 
47 48 49 39 30 
50 51 52 43 35 
51 52 53 44 36 
52 53 54 45 37 
53 54 55 46 38 
56 57 58 50 43 
57 58 59 51 44 
58 59 60 52 45 
0 5 11 1 2 
1 6 12 2 3 
2 7 13 3 4 
5 11 18 6 7 
6 12 19 7 8 
7 13 20 8 9 
8 14 21 9 10 
11 18 26 12 13 
12 19 27 13 14 
13 20 28 14 15 
14 21 29 15 16 
15 22 30 16 17 
19 27 35 20 21 
20 28 36 21 22 
21 29 37 22 23 
22 30 38 23 24 
23 31 39 24 25 
28 36 43 29 30 
29 37 44 30 31 
30 38 45 31 32 
31 39 46 32 33 
32 40 47 33 34 
37 44 50 38 39 
38 45 51 39 40 
39 46 52 40 41 
40 47 53 41 42 
45 51 56 46 47 
46 52 57 47 48 
47 53 58 48 49 
