7 14 22 6 0 
8 15 23 7 1 
9 16 24 8 2 
10 17 25 9 3 
13 21 30 12 5 
14 22 31 13 6 
15 23 32 14 7 
16 24 33 15 8 
17 25 34 16 9 
20 29 38 19 11 
21 30 39 20 12 
22 31 40 21 13 
23 32 41 22 14 
24 33 42 23 15 
28 37 45 27 18 
29 38 46 28 19 
30 39 47 29 20 
31 40 48 30 21 
32 41 49 31 22 
36 44 51 35 26 
37 45 52 36 27 
38 46 53 37 28 
39 47 54 38 29 
40 48 55 39 30 
44 51 57 43 35 
45 52 58 44 36 
46 53 59 45 37 
47 54 60 46 38 
7 6 5 2 3 
8 7 6 3 4 
13 12 11 7 8 
14 13 12 8 9 
15 14 13 9 10 
20 19 18 13 14 
21 20 19 14 15 
22 21 20 15 16 
23 22 21 16 17 
28 27 26 20 21 
29 28 27 21 22 
30 29 28 22 23 
31 30 29 23 24 
32 31 30 24 25 
37 36 35 29 30 
38 37 36 30 31 
39 38 37 31 32 
40 39 38 32 33 
41 40 39 33 34 
45 44 43 38 39 
46 45 44 39 40 
47 46 45 40 41 
48 47 46 41 42 
52 51 50 46 47 
53 52 51 47 48 
54 53 52 48 49 
58 57 56 53 54 
59 58 57 54 55 
11 5 0 19 27 
12 6 1 20 28 
13 7 2 21 29 
14 8 3 22 30 
15 9 4 23 31 
18 11 5 27 35 
19 12 6 28 36 
20 13 7 29 37 
21 14 8 30 38 
22 15 9 31 39 
23 16 10 32 40 
27 19 12 36 43 
28 20 13 37 44 
29 21 14 38 45 
30 22 15 39 46 
31 23 16 40 47 
32 24 17 41 48 
36 28 20 44 50 
37 29 21 45 51 
38 30 22 46 52 
39 31 23 47 53 
40 32 24 48 54 
41 33 25 49 55 
44 37 29 51 56 
45 38 30 52 57 
46 39 31 53 58 
47 40 32 54 59 
48 41 33 55 60 
