12 19 13 6 0 
13 20 14 7 1 
14 21 15 8 2 
15 22 16 9 3 
16 23 17 10 4 
19 27 20 12 5 
20 28 21 13 6 
21 29 22 14 7 
22 30 23 15 8 
23 31 24 16 9 
24 32 25 17 10 
27 35 28 19 11 
28 36 29 20 12 
29 37 30 21 13 
30 38 31 22 14 
31 39 32 23 15 
32 40 33 24 16 
33 41 34 25 17 
36 43 37 28 19 
37 44 38 29 20 
38 45 39 30 21 
39 46 40 31 22 
40 47 41 32 23 
41 48 42 33 24 
44 50 45 37 28 
45 51 46 38 29 
46 52 47 39 30 
47 53 48 40 31 
48 54 49 41 32 
51 56 52 45 37 
52 57 53 46 38 
53 58 54 47 39 
54 59 55 48 40 
6 0 12 13 14 
7 1 13 14 15 
8 2 14 15 16 
9 3 15 16 17 
12 5 19 20 21 
13 6 20 21 22 
14 7 21 22 23 
15 8 22 23 24 
16 9 23 24 25 
19 11 27 28 29 
20 12 28 29 30 
21 13 29 30 31 
22 14 30 31 32 
23 15 31 32 33 
24 16 32 33 34 
27 18 35 36 37 
28 19 36 37 38 
29 20 37 38 39 
30 21 38 39 40 
31 22 39 40 41 
32 23 40 41 42 
36 27 43 44 45 
37 28 44 45 46 
38 29 45 46 47 
39 30 46 47 48 
40 31 47 48 49 
44 36 50 51 52 
45 37 51 52 53 
46 38 52 53 54 
47 39 53 54 55 
51 44 56 57 58 
52 45 57 58 59 
53 46 58 59 60 
6 7 0 5 11 
7 8 1 6 12 
8 9 2 7 13 
9 10 3 8 14 
12 13 5 11 18 
13 14 6 12 19 
14 15 7 13 20 
15 16 8 14 21 
16 17 9 15 22 
19 20 11 18 26 
20 21 12 19 27 
21 22 13 20 28 
22 23 14 21 29 
23 24 15 22 30 
24 25 16 23 31 
28 29 19 27 35 
29 30 20 28 36 
30 31 21 29 37 
31 32 22 30 38 
32 33 23 31 39 
33 34 24 32 40 
37 38 28 36 43 
38 39 29 37 44 
39 40 30 38 45 
40 41 31 39 46 
41 42 32 40 47 
45 46 37 44 50 
46 47 38 45 51 
47 48 39 46 52 
48 49 40 47 53 
52 53 45 51 56 
53 54 46 52 57 
54 55 47 53 58 
