7 8 14 6 0 
8 9 15 7 1 
9 10 16 8 2 
13 14 21 12 5 
14 15 22 13 6 
15 16 23 14 7 
16 17 24 15 8 
20 21 29 19 11 
21 22 30 20 12 
22 23 31 21 13 
23 24 32 22 14 
24 25 33 23 15 
28 29 37 27 18 
29 30 38 28 19 
30 31 39 29 20 
31 32 40 30 21 
32 33 41 31 22 
33 34 42 32 23 
36 37 44 35 26 
37 38 45 36 27 
38 39 46 37 28 
39 40 47 38 29 
40 41 48 39 30 
41 42 49 40 31 
44 45 51 43 35 
45 46 52 44 36 
46 47 53 45 37 
47 48 54 46 38 
48 49 55 47 39 
51 52 57 50 43 
52 53 58 51 44 
53 54 59 52 45 
54 55 60 53 46 
6 12 5 1 2 
7 13 6 2 3 
8 14 7 3 4 
12 19 11 6 7 
13 20 12 7 8 
14 21 13 8 9 
15 22 14 9 10 
19 27 18 12 13 
20 28 19 13 14 
21 29 20 14 15 
22 30 21 15 16 
23 31 22 16 17 
27 35 26 19 20 
28 36 27 20 21 
29 37 28 21 22 
30 38 29 22 23 
31 39 30 23 24 
32 40 31 24 25 
36 43 35 28 29 
37 44 36 29 30 
38 45 37 30 31 
39 46 38 31 32 
40 47 39 32 33 
41 48 40 33 34 
44 50 43 37 38 
45 51 44 38 39 
46 52 45 39 40 
47 53 46 40 41 
48 54 47 41 42 
51 56 50 45 46 
52 57 51 46 47 
53 58 52 47 48 
54 59 53 48 49 
6 0 1 13 20 
7 1 2 14 21 
8 2 3 15 22 
9 3 4 16 23 
12 5 6 20 28 
13 6 7 21 29 
14 7 8 22 30 
15 8 9 23 31 
16 9 10 24 32 
19 11 12 28 36 
20 12 13 29 37 
21 13 14 30 38 
22 14 15 31 39 
23 15 16 32 40 
24 16 17 33 41 
27 18 19 36 43 
28 19 20 37 44 
29 20 21 38 45 
30 21 22 39 46 
31 22 23 40 47 
32 23 24 41 48 
33 24 25 42 49 
36 27 28 44 50 
37 28 29 45 51 
38 29 30 46 52 
39 30 31 47 53 
40 31 32 48 54 
41 32 33 49 55 
44 36 37 51 56 
45 37 38 52 57 
46 38 39 53 58 
47 39 40 54 59 
48 40 41 55 60 
