6 1 0 13 21 
7 2 1 14 22 
8 3 2 15 23 
9 4 3 16 24 
12 6 5 20 29 
13 7 6 21 30 
14 8 7 22 31 
15 9 8 23 32 
16 10 9 24 33 
19 12 11 28 37 
20 13 12 29 38 
21 14 13 30 39 
22 15 14 31 40 
23 16 15 32 41 
24 17 16 33 42 
27 19 18 36 44 
28 20 19 37 45 
29 21 20 38 46 
30 22 21 39 47 
31 23 22 40 48 
32 24 23 41 49 
35 27 26 43 50 
36 28 27 44 51 
37 29 28 45 52 
38 30 29 46 53 
39 31 30 47 54 
40 32 31 48 55 
43 36 35 50 56 
44 37 36 51 57 
45 38 37 52 58 
46 39 38 53 59 
47 40 39 54 60 
2 8 3 1 0 
3 9 4 2 1 
7 14 8 6 5 
8 15 9 7 6 
9 16 10 8 7 
13 21 14 12 11 
14 22 15 13 12 
15 23 16 14 13 
16 24 17 15 14 
20 29 21 19 18 
21 30 22 20 19 
22 31 23 21 20 
23 32 24 22 21 
24 33 25 23 22 
28 37 29 27 26 
29 38 30 28 27 
30 39 31 29 28 
31 40 32 30 29 
32 41 33 31 30 
33 42 34 32 31 
37 45 38 36 35 
38 46 39 37 36 
39 47 40 38 37 
40 48 41 39 38 
41 49 42 40 39 
45 52 46 44 43 
46 53 47 45 44 
47 54 48 46 45 
48 55 49 47 46 
52 58 53 51 50 
53 59 54 52 51 
54 60 55 53 52 
12 11 19 6 1 
13 12 20 7 2 
14 13 21 8 3 
15 14 22 9 4 
19 18 27 12 6 
20 19 28 13 7 
21 20 29 14 8 
22 21 30 15 9 
23 22 31 16 10 
27 26 35 19 12 
28 27 36 20 13 
29 28 37 21 14 
30 29 38 22 15 
31 30 39 23 16 
32 31 40 24 17 
36 35 43 28 20 
37 36 44 29 21 
38 37 45 30 22 
39 38 46 31 23 
40 39 47 32 24 
41 40 48 33 25 
44 43 50 37 29 
45 44 51 38 30 
46 45 52 39 31 
47 46 53 40 32 
48 47 54 41 33 
49 48 55 42 34 
51 50 56 45 38 
52 51 57 46 39 
53 52 58 47 40 
54 53 59 48 41 
55 54 60 49 42 
