13 14 7 6 0 
14 15 8 7 1 
15 16 9 8 2 
16 17 10 9 3 
20 21 13 12 5 
21 22 14 13 6 
22 23 15 14 7 
23 24 16 15 8 
24 25 17 16 9 
28 29 20 19 11 
29 30 21 20 12 
30 31 22 21 13 
31 32 23 22 14 
32 33 24 23 15 
33 34 25 24 16 
36 37 28 27 18 
37 38 29 28 19 
38 39 30 29 20 
39 40 31 30 21 
40 41 32 31 22 
41 42 33 32 23 
43 44 36 35 26 
44 45 37 36 27 
45 46 38 37 28 
46 47 39 38 29 
47 48 40 39 30 
48 49 41 40 31 
50 51 44 43 35 
51 52 45 44 36 
52 53 46 45 37 
53 54 47 46 38 
54 55 48 47 39 
56 57 51 50 43 
57 58 52 51 44 
58 59 53 52 45 
59 60 54 53 46 
0 5 6 1 2 
1 6 7 2 3 
2 7 8 3 4 
5 11 12 6 7 
6 12 13 7 8 
7 13 14 8 9 
8 14 15 9 10 
11 18 19 12 13 
12 19 20 13 14 
13 20 21 14 15 
14 21 22 15 16 
15 22 23 16 17 
18 26 27 19 20 
19 27 28 20 21 
20 28 29 21 22 
21 29 30 22 23 
22 30 31 23 24 
23 31 32 24 25 
27 35 36 28 29 
28 36 37 29 30 
29 37 38 30 31 
30 38 39 31 32 
31 39 40 32 33 
32 40 41 33 34 
36 43 44 37 38 
37 44 45 38 39 
38 45 46 39 40 
39 46 47 40 41 
40 47 48 41 42 
44 50 51 45 46 
45 51 52 46 47 
46 52 53 47 48 
47 53 54 48 49 
51 56 57 52 53 
52 57 58 53 54 
53 58 59 54 55 
6 0 5 12 19 
7 1 6 13 20 
8 2 7 14 21 
9 3 8 15 22 
10 4 9 16 23 
12 5 11 19 27 
13 6 12 20 28 
14 7 13 21 29 
15 8 14 22 30 
16 9 15 23 31 
17 10 16 24 32 
19 11 18 27 35 
20 12 19 28 36 
21 13 20 29 37 
22 14 21 30 38 
23 15 22 31 39 
24 16 23 32 40 
25 17 24 33 41 
28 19 27 36 43 
29 20 28 37 44 
30 21 29 38 45 
31 22 30 39 46 
32 23 31 40 47 
33 24 32 41 48 
34 25 33 42 49 
37 28 36 44 50 
38 29 37 45 51 
39 30 38 46 52 
40 31 39 47 53 
41 32 40 48 54 
42 33 41 49 55 
45 37 44 51 56 
46 38 45 52 57 
47 39 46 53 58 
48 40 47 54 59 
49 41 48 55 60 
