7 14 2 1 0 
8 15 3 2 1 
9 16 4 3 2 
13 21 7 6 5 
14 22 8 7 6 
15 23 9 8 7 
16 24 10 9 8 
20 29 13 12 11 
21 30 14 13 12 
22 31 15 14 13 
23 32 16 15 14 
24 33 17 16 15 
28 37 20 19 18 
29 38 21 20 19 
30 39 22 21 20 
31 40 23 22 21 
32 41 24 23 22 
33 42 25 24 23 
36 44 28 27 26 
37 45 29 28 27 
38 46 30 29 28 
39 47 31 30 29 
40 48 32 31 30 
41 49 33 32 31 
44 51 37 36 35 
45 52 38 37 36 
46 53 39 38 37 
47 54 40 39 38 
48 55 41 40 39 
51 57 45 44 43 
52 58 46 45 44 
53 59 47 46 45 
54 60 48 47 46 
6 5 13 7 2 
7 6 14 8 3 
8 7 15 9 4 
12 11 20 13 7 
13 12 21 14 8 
14 13 22 15 9 
15 14 23 16 10 
19 18 28 20 13 
20 19 29 21 14 
21 20 30 22 15 
22 21 31 23 16 
23 22 32 24 17 
27 26 36 28 20 
28 27 37 29 21 
29 28 38 30 22 
30 29 39 31 23 
31 30 40 32 24 
32 31 41 33 25 
36 35 44 37 29 
37 36 45 38 30 
38 37 46 39 31 
39 38 47 40 32 
40 39 48 41 33 
41 40 49 42 34 
44 43 51 45 38 
45 44 52 46 39 
46 45 53 47 40 
47 46 54 48 41 
48 47 55 49 42 
51 50 57 52 46 
52 51 58 53 47 
53 52 59 54 48 
54 53 60 55 49 
6 1 5 12 20 
7 2 6 13 21 
8 3 7 14 22 
9 4 8 15 23 
12 6 11 19 28 
13 7 12 20 29 
14 8 13 21 30 
15 9 14 22 31 
16 10 15 23 32 
19 12 18 27 36 
20 13 19 28 37 
21 14 20 29 38 
22 15 21 30 39 
23 16 22 31 40 
24 17 23 32 41 
27 19 26 35 43 
28 20 27 36 44 
29 21 28 37 45 
30 22 29 38 46 
31 23 30 39 47 
32 24 31 40 48 
33 25 32 41 49 
36 28 35 43 50 
37 29 36 44 51 
38 30 37 45 52 
39 31 38 46 53 
40 32 39 47 54 
41 33 40 48 55 
44 37 43 50 56 
45 38 44 51 57 
46 39 45 52 58 
47 40 46 53 59 
48 41 47 54 60 
