1 0 6 7 14 
2 1 7 8 15 
3 2 8 9 16 
4 3 9 10 17 
6 5 12 13 21 
7 6 13 14 22 
8 7 14 15 23 
9 8 15 16 24 
10 9 16 17 25 
12 11 19 20 29 
13 12 20 21 30 
14 13 21 22 31 
15 14 22 23 32 
16 15 23 24 33 
17 16 24 25 34 
19 18 27 28 37 
20 19 28 29 38 
21 20 29 30 39 
22 21 30 31 40 
23 22 31 32 41 
24 23 32 33 42 
27 26 35 36 44 
28 27 36 37 45 
29 28 37 38 46 
30 29 38 39 47 
31 30 39 40 48 
32 31 40 41 49 
36 35 43 44 51 
37 36 44 45 52 
38 37 45 46 53 
39 38 46 47 54 
40 39 47 48 55 
44 43 50 51 57 
45 44 51 52 58 
46 45 52 53 59 
47 46 53 54 60 
7 2 1 6 5 
8 3 2 7 6 
9 4 3 8 7 
13 7 6 12 11 
14 8 7 13 12 
15 9 8 14 13 
16 10 9 15 14 
20 13 12 19 18 
21 14 13 20 19 
22 15 14 21 20 
23 16 15 22 21 
24 17 16 23 22 
28 20 19 27 26 
29 21 20 28 27 
30 22 21 29 28 
31 23 22 30 29 
32 24 23 31 30 
33 25 24 32 31 
37 29 28 36 35 
38 30 29 37 36 
39 31 30 38 37 
40 32 31 39 38 
41 33 32 40 39 
42 34 33 41 40 
45 38 37 44 43 
46 39 38 45 44 
47 40 39 46 45 
48 41 40 47 46 
49 42 41 48 47 
52 46 45 51 50 
53 47 46 52 51 
54 48 47 53 52 
55 49 48 54 53 
58 53 52 57 56 
59 54 53 58 57 
60 55 54 59 58 
11 19 12 5 0 
12 20 13 6 1 
13 21 14 7 2 
14 22 15 8 3 
15 23 16 9 4 
18 27 19 11 5 
19 28 20 12 6 
20 29 21 13 7 
21 30 22 14 8 
22 31 23 15 9 
23 32 24 16 10 
26 35 27 18 11 
27 36 28 19 12 
28 37 29 20 13 
29 38 30 21 14 
30 39 31 22 15 
31 40 32 23 16 
32 41 33 24 17 
35 43 36 27 19 
36 44 37 28 20 
37 45 38 29 21 
38 46 39 30 22 
39 47 40 31 23 
40 48 41 32 24 
41 49 42 33 25 
43 50 44 36 28 
44 51 45 37 29 
45 52 46 38 30 
46 53 47 39 31 
47 54 48 40 32 
48 55 49 41 33 
50 56 51 44 37 
51 57 52 45 38 
52 58 53 46 39 
53 59 54 47 40 
54 60 55 48 41 
