6 5 0 13 20 
7 6 1 14 21 
8 7 2 15 22 
9 8 3 16 23 
10 9 4 17 24 
12 11 5 20 28 
13 12 6 21 29 
14 13 7 22 30 
15 14 8 23 31 
16 15 9 24 32 
17 16 10 25 33 
19 18 11 28 36 
20 19 12 29 37 
21 20 13 30 38 
22 21 14 31 39 
23 22 15 32 40 
24 23 16 33 41 
25 24 17 34 42 
27 26 18 36 43 
28 27 19 37 44 
29 28 20 38 45 
30 29 21 39 46 
31 30 22 40 47 
32 31 23 41 48 
33 32 24 42 49 
36 35 27 44 50 
37 36 28 45 51 
38 37 29 46 52 
39 38 30 47 53 
40 39 31 48 54 
41 40 32 49 55 
44 43 36 51 56 
45 44 37 52 57 
46 45 38 53 58 
47 46 39 54 59 
48 47 40 55 60 
7 2 8 6 0 
8 3 9 7 1 
9 4 10 8 2 
13 7 14 12 5 
14 8 15 13 6 
15 9 16 14 7 
16 10 17 15 8 
20 13 21 19 11 
21 14 22 20 12 
22 15 23 21 13 
23 16 24 22 14 
24 17 25 23 15 
28 20 29 27 18 
29 21 30 28 19 
30 22 31 29 20 
31 23 32 30 21 
32 24 33 31 22 
33 25 34 32 23 
36 28 37 35 26 
37 29 38 36 27 
38 30 39 37 28 
39 31 40 38 29 
40 32 41 39 30 
41 33 42 40 31 
44 37 45 43 35 
45 38 46 44 36 
46 39 47 45 37 
47 40 48 46 38 
48 41 49 47 39 
51 45 52 50 43 
52 46 53 51 44 
53 47 54 52 45 
54 48 55 53 46 
57 52 58 56 50 
58 53 59 57 51 
59 54 60 58 52 
5 12 11 0 1 
6 13 12 1 2 
7 14 13 2 3 
8 15 14 3 4 
11 19 18 5 6 
12 20 19 6 7 
13 21 20 7 8 
14 22 21 8 9 
15 23 22 9 10 
18 27 26 11 12 
19 28 27 12 13 
20 29 28 13 14 
21 30 29 14 15 
22 31 30 15 16 
23 32 31 16 17 
27 36 35 19 20 
28 37 36 20 21 
29 38 37 21 22 
30 39 38 22 23 
31 40 39 23 24 
32 41 40 24 25 
36 44 43 28 29 
37 45 44 29 30 
38 46 45 30 31 
39 47 46 31 32 
40 48 47 32 33 
41 49 48 33 34 
44 51 50 37 38 
45 52 51 38 39 
46 53 52 39 40 
47 54 53 40 41 
48 55 54 41 42 
51 57 56 45 46 
52 58 57 46 47 
53 59 58 47 48 
54 60 59 48 49 
