18161482951001600 224115895571578983 2063565630690589080
18161620316521472 224115758273966144 2063565630623205823
354333485532702 1750978556347809792 518481322361387489
604864404442056704 14523930431 1696474990620336320
591815496861680128 106587951509568 1713920924400503231


[31, 38, 39, 47, 54]
[9, 15, 21, 22, 30]
[29, 37, 45, 51, 52]
[0, 1, 2, 5, 6]
[46, 53, 58, 59, 60]
[33, 41, 48, 49, 55]
[17, 24, 25, 34, 42]
[10, 16, 23, 32, 40]
[20, 27, 28, 36, 44]
[35, 43, 50, 56, 57]
[3, 4, 7, 8, 14]
[11, 12, 13, 18, 26]

[31, 38, 39, 47, 54]
[26, 27, 28, 29, 37]
[6, 12, 13, 18, 19]
[36, 44, 45, 51, 52]
[46, 53, 58, 59, 60]
[33, 41, 48, 49, 55]
[17, 24, 25, 34, 42]
[10, 16, 23, 32, 40]
[15, 20, 21, 22, 30]
[35, 43, 50, 56, 57]
[3, 4, 7, 8, 14]
[0, 1, 2, 5, 11]

[10, 15, 16, 24, 33]
[1, 2, 3, 4, 9]
[40, 47, 54, 59, 60]
[27, 36, 37, 44, 45]
[5, 11, 12, 13, 18]
[52, 53, 56, 57, 58]
[23, 31, 32, 41, 48]
[19, 28, 29, 38, 46]
[20, 21, 22, 30, 39]
[26, 35, 43, 50, 51]
[0, 6, 7, 8, 14]
[17, 25, 34, 42, 49]

[31, 38, 39, 47, 54]
[26, 27, 35, 43, 50]
[10, 16, 24, 32, 33]
[12, 20, 21, 29, 30]
[44, 51, 56, 57, 58]
[6, 7, 13, 14, 22]
[11, 18, 19, 28, 36]
[37, 45, 46, 53, 59]
[4, 8, 9, 15, 23]
[0, 1, 2, 3, 5]
[40, 41, 48, 55, 60]
[17, 25, 34, 42, 49]

[40, 47, 52, 53, 59]
[26, 27, 35, 43, 50]
[6, 12, 13, 18, 19]
[20, 21, 22, 28, 29]
[44, 51, 56, 57, 58]
[41, 48, 54, 55, 60]
[24, 32, 33, 42, 49]
[9, 16, 17, 25, 34]
[30, 36, 37, 38, 45]
[15, 23, 31, 39, 46]
[3, 4, 7, 8, 14]
[0, 1, 2, 5, 11]
