13 6 0 21 22 
14 7 1 22 23 
15 8 2 23 24 
16 9 3 24 25 
20 12 5 29 30 
21 13 6 30 31 
22 14 7 31 32 
23 15 8 32 33 
24 16 9 33 34 
28 19 11 37 38 
29 20 12 38 39 
30 21 13 39 40 
31 22 14 40 41 
32 23 15 41 42 
36 27 18 44 45 
37 28 19 45 46 
38 29 20 46 47 
39 30 21 47 48 
40 31 22 48 49 
43 35 26 50 51 
44 36 27 51 52 
45 37 28 52 53 
46 38 29 53 54 
47 39 30 54 55 
50 43 35 56 57 
51 44 36 57 58 
52 45 37 58 59 
53 46 38 59 60 
1 2 3 0 5 
2 3 4 1 6 
6 7 8 5 11 
7 8 9 6 12 
8 9 10 7 13 
12 13 14 11 18 
13 14 15 12 19 
14 15 16 13 20 
15 16 17 14 21 
19 20 21 18 26 
20 21 22 19 27 
21 22 23 20 28 
22 23 24 21 29 
23 24 25 22 30 
28 29 30 27 35 
29 30 31 28 36 
30 31 32 29 37 
31 32 33 30 38 
32 33 34 31 39 
37 38 39 36 43 
38 39 40 37 44 
39 40 41 38 45 
40 41 42 39 46 
45 46 47 44 50 
46 47 48 45 51 
47 48 49 46 52 
52 53 54 51 56 
53 54 55 52 57 
12 19 27 6 0 
13 20 28 7 1 
14 21 29 8 2 
15 22 30 9 3 
16 23 31 10 4 
19 27 35 12 5 
20 28 36 13 6 
21 29 37 14 7 
22 30 38 15 8 
23 31 39 16 9 
24 32 40 17 10 
28 36 43 20 12 
29 37 44 21 13 
30 38 45 22 14 
31 39 46 23 15 
32 40 47 24 16 
33 41 48 25 17 
37 44 50 29 20 
38 45 51 30 21 
39 46 52 31 22 
40 47 53 32 23 
41 48 54 33 24 
42 49 55 34 25 
45 51 56 38 29 
46 52 57 39 30 
47 53 58 40 31 
48 54 59 41 32 
49 55 60 42 33 
