6 5 0 7 14 
7 6 1 8 15 
8 7 2 9 16 
9 8 3 10 17 
12 11 5 13 21 
13 12 6 14 22 
14 13 7 15 23 
15 14 8 16 24 
16 15 9 17 25 
19 18 11 20 29 
20 19 12 21 30 
21 20 13 22 31 
22 21 14 23 32 
23 22 15 24 33 
24 23 16 25 34 
27 26 18 28 37 
28 27 19 29 38 
29 28 20 30 39 
30 29 21 31 40 
31 30 22 32 41 
32 31 23 33 42 
36 35 27 37 45 
37 36 28 38 46 
38 37 29 39 47 
39 38 30 40 48 
40 39 31 41 49 
44 43 36 45 52 
45 44 37 46 53 
46 45 38 47 54 
47 46 39 48 55 
51 50 44 52 58 
52 51 45 53 59 
53 52 46 54 60 
6 1 7 12 11 
7 2 8 13 12 
8 3 9 14 13 
9 4 10 15 14 
12 6 13 19 18 
13 7 14 20 19 
14 8 15 21 20 
15 9 16 22 21 
16 10 17 23 22 
19 12 20 27 26 
20 13 21 28 27 
21 14 22 29 28 
22 15 23 30 29 
23 16 24 31 30 
24 17 25 32 31 
28 20 29 36 35 
29 21 30 37 36 
30 22 31 38 37 
31 23 32 39 38 
32 24 33 40 39 
33 25 34 41 40 
37 29 38 44 43 
38 30 39 45 44 
39 31 40 46 45 
40 32 41 47 46 
41 33 42 48 47 
45 38 46 51 50 
46 39 47 52 51 
47 40 48 53 52 
48 41 49 54 53 
52 46 53 57 56 
53 47 54 58 57 
54 48 55 59 58 
12 20 19 5 0 
13 21 20 6 1 
14 22 21 7 2 
15 23 22 8 3 
16 24 23 9 4 
19 28 27 11 5 
20 29 28 12 6 
21 30 29 13 7 
22 31 30 14 8 
23 32 31 15 9 
24 33 32 16 10 
27 36 35 18 11 
28 37 36 19 12 
29 38 37 20 13 
30 39 38 21 14 
31 40 39 22 15 
32 41 40 23 16 
33 42 41 24 17 
36 44 43 27 19 
37 45 44 28 20 
38 46 45 29 21 
39 47 46 30 22 
40 48 47 31 23 
41 49 48 32 24 
44 51 50 36 28 
45 52 51 37 29 
46 53 52 38 30 
47 54 53 39 31 
48 55 54 40 32 
51 57 56 44 37 
52 58 57 45 38 
53 59 58 46 39 
54 60 59 47 40 
