12 20 11 6 1 
13 21 12 7 2 
14 22 13 8 3 
15 23 14 9 4 
19 28 18 12 6 
20 29 19 13 7 
21 30 20 14 8 
22 31 21 15 9 
23 32 22 16 10 
27 36 26 19 12 
28 37 27 20 13 
29 38 28 21 14 
30 39 29 22 15 
31 40 30 23 16 
32 41 31 24 17 
36 44 35 28 20 
37 45 36 29 21 
38 46 37 30 22 
39 47 38 31 23 
40 48 39 32 24 
41 49 40 33 25 
44 51 43 37 29 
45 52 44 38 30 
46 53 45 39 31 
47 54 46 40 32 
48 55 47 41 33 
51 57 50 45 38 
52 58 51 46 39 
53 59 52 47 40 
54 60 53 48 41 
6 5 1 13 21 
7 6 2 14 22 
8 7 3 15 23 
9 8 4 16 24 
12 11 6 20 29 
13 12 7 21 30 
14 13 8 22 31 
15 14 9 23 32 
16 15 10 24 33 
19 18 12 28 37 
20 19 13 29 38 
21 20 14 30 39 
22 21 15 31 40 
23 22 16 32 41 
24 23 17 33 42 
27 26 19 36 44 
28 27 20 37 45 
29 28 21 38 46 
30 29 22 39 47 
31 30 23 40 48 
32 31 24 41 49 
36 35 28 44 51 
37 36 29 45 52 
38 37 30 46 53 
39 38 31 47 54 
40 39 32 48 55 
44 43 37 51 57 
45 44 38 52 58 
46 45 39 53 59 
47 46 40 54 60 
7 2 14 6 5 
8 3 15 7 6 
9 4 16 8 7 
13 7 21 12 11 
14 8 22 13 12 
15 9 23 14 13 
16 10 24 15 14 
20 13 29 19 18 
21 14 30 20 19 
22 15 31 21 20 
23 16 32 22 21 
24 17 33 23 22 
28 20 37 27 26 
29 21 38 28 27 
30 22 39 29 28 
31 23 40 30 29 
32 24 41 31 30 
33 25 42 32 31 
37 29 45 36 35 
38 30 46 37 36 
39 31 47 38 37 
40 32 48 39 38 
41 33 49 40 39 
45 38 52 44 43 
46 39 53 45 44 
47 40 54 46 45 
48 41 55 47 46 
52 46 58 51 50 
53 47 59 52 51 
54 48 60 53 52 
